17. dia, példa
t=[1 1.1 1.1:0.1:2];
f=[8 8.9 9 9.8 10 11 11.5 11.5 12.5 13 13.7 14];

20. dia, 1. feladat
t=0:2:12;
f=[3 4 5 5.5 6.5 7 8];


22. dia, 3. feladat
t=[2.1 2.2 2.3 2.3 2.5 2.6 2.8 2.9];
f=[2.5 2 2.5 2.7 3 4 5.4 7];

29. dia, példa
t=[0.1 0.5 1.2 1.5 2 2.1 2.4 3 3.2]; 
f=[3.9 2.6 -0.8 0.3 3.2 3.8 3.2 -0.7 -0.9];


34. dia, 4. feladat
t=[1 1.2 1.4 1.4 1.5 1.7 1.9 2];
f=[6.2 7 8 7.9 8.4 9.2 10 10.6];

34. dia, 5. feladat
t=[0.5 0.8 1.1 1.3 1.5 1.7 1.9 2.1 2.3];
f=[2.5 2.3 1.8 1.3 0.9 0.4 0.1 -0.05 -0.01];

34. dia, 6. feladat
t=[1 1.2 1.4 1.4 1.5 1.7 1.9 2 2.1 2.2];
f=[4.2 3.8 3.4 3.3 3.3 3 2.8 2.8 2.75 2.7];

35. dia, 7. feladat
t=[0.1 0.5 1.2 1.5 2 2.1 2.4  3  3.2  3.4 3.8 4 4.2  4.6  5];
f=[1 4.1 3 1 -1.5 -1.6 -1.7  -0.4  0.1 0.7  1.6 1.8 1.6 0.2 -2.5];

35. dia, 8. feladat
t=[0.1 0.5 1.2 1.5 2 2.1 2.4 3 3.2];
f=[-0.6 1.5 2.5 2.9 3.2 3.3 3.5 3.8 3.9];

36. dia, 9. feladat 
t=[15 46 74 105 135 166 196 227 258 288 319 349];
f=[-1.7 0.1 5.2 10.3 15.8 18.9 21.1 20.3 16.1 10.2 4.2 0.5];

rádioaktív bomlás
t=[1.2, 3.6, 4, 5.5, 8.4, 10.2, 13.1];
f=[36.08, 30.48, 29.63, 26.67, 21.75, 19.16, 15.63];

kepler
fi=[48, 88, 150, 221, 247, 311, 359];
r=[4.32 2.05 1.18 1.26 1.52 4.25 9.98];
